  1.7262578665190481e-01   3.0101391208251036e-03  -4.8661499783612498e-02   2.4252679910651234e-02  -9.1793107977237109e-04  -1.6119013429309334e-03  -4.5792574861697004e-04  -7.9916717826279251e-05   1.2737837489773594e-03  -1.6705169999999998e-02  -9.5550699999999997e-04   5.0236020000000005e-04  -6.4341709999999995e-05  -7.8079449999999996e-07   2.2480610000000001e-06  -6.6526160000000001e-06  -1.4200970000000000e-05  -3.0979225521245102e-02   7.2647840000000005e-04  -1.0032570000000000e-03   1.2434119999999999e-04   2.3407320000000000e-05  -2.1789480000000001e-05  -4.1720479999999997e-06  -1.0851010000000000e-06  -1.4699139999999999e-07   6.9335839595351563e-03  -4.2598119999999999e-04   2.5639380000000000e-04  -5.8865000000000000e-05   9.1477909999999994e-06   7.0873570000000000e-06  -1.3019190000000001e-06  -5.0015600000000005e-07   3.4968350000000000e-06  -2.2199305299870748e-03  -4.4624340000000002e-05  -2.3140950000000001e-05   1.7601559999999999e-06  -1.0956060000000001e-05   6.4474880000000004e-07   5.0419519999999997e-08   3.4855700000000001e-10  -7.2885249999999998e-07   6.1876181179180013e-04   1.9563869999999999e-05   1.5611619999999999e-05  -5.4106600000000003e-06   1.7834950000000000e-06   5.0686199999999998e-07   3.8150200000000002e-07   7.1812219999999999e-08   4.2017059999999999e-07   7.5656446110444696e-05   7.4437179999999996e-06   1.2948779999999999e-06   3.2250420000000002e-07   4.7997990000000000e-07   5.8550720000000003e-08  -7.5672360000000000e-08   1.5032140000000000e-08   5.0633690000000002e-08  -3.0953692575521753e-05  -3.8709109999999997e-06  -1.9756319999999998e-06   1.0574050000000000e-06  -2.2053889999999999e-07  -1.2617050000000001e-07  -4.1880319999999998e-08  -2.8827810000000001e-08  -2.7700769999999999e-09   2.5059660000000001e-05   5.0741899999999998e-06  -4.7294120000000003e-06   9.4111230000000002e-07   3.5400929999999998e-07   8.4828670000000005e-08   5.6831060000000000e-08   1.3860540000000001e-07
  3.0101391208250351e-03   7.0900832734189700e-01  -1.8107813835320594e-04   3.4472111436380799e-02  -4.0197957410078259e-03   4.6081610459736471e-03   7.8963351922356202e-04  -1.7286215762161902e-04  -1.6705169999999998e-02   1.0358291589773593e-03   4.8631910000000002e-03  -8.6963470000000001e-04  -2.5641000000000001e-05   7.6118239999999995e-05   9.8845839999999998e-06   4.1950230000000001e-06   2.0608930000000001e-05   7.2647840000000005e-04  -2.1859027521245102e-02   4.2510239999999998e-04  -1.9702319999999999e-04   9.1210529999999996e-06   3.7787950000000001e-05   8.9144980000000003e-06   3.5335300000000001e-06   1.0649720000000000e-05  -4.2598119999999999e-04   3.6154749595351558e-03  -7.9623079999999999e-05  -1.0687350000000000e-04  -1.6854310000000000e-05  -2.0924070000000000e-05  -3.0150940000000000e-06  -2.3752799999999998e-06  -3.9338969999999999e-06  -4.4624340000000002e-05  -1.7373356099870750e-03   2.7623050000000000e-05  -2.7915180000000003e-07  -1.9945580000000000e-05  -2.6619069999999999e-06  -2.9583560000000001e-07   6.8547769999999999e-08   3.7213770000000002e-07   1.9563869999999999e-05   2.6546237179180015e-04  -2.1582209999999999e-06  -9.6523460000000003e-07   1.6921179999999999e-06   2.3550480000000000e-06   2.4829390000000002e-07  -1.1443110000000001e-07  -1.0751740000000000e-07   7.4437179999999996e-06   3.9971066110444688e-05  -7.1094550000000003e-07   5.8263530000000001e-08   3.4256470000000002e-07  -2.2635190000000000e-07  -1.1530940000000000e-07   2.6517769999999999e-08   1.4336640000000001e-08  -3.8709109999999997e-06   1.4281610424478245e-05   3.0384300000000000e-06  -6.3225300000000002e-08  -2.6675549999999999e-08   9.0189390000000000e-08   2.5029620000000001e-08  -3.2110040000000001e-08  -3.9551060000000000e-10   2.5880502201353870e-04  -4.7278610000000001e-06  -2.3750600000000001e-06   9.1185989999999997e-08  -2.2046970000000001e-07  -7.6328130000000002e-08   2.9467819999999998e-08  -2.5280450000000001e-07
 -4.8661499783612498e-02  -1.8107813835290150e-04   7.8914533648292229e-01   3.4439883772087211e-03  -1.4644184829624081e-02  -1.3370609823681268e-02   1.0166385879426987e-03   8.9430288507118553e-04  -9.5550699999999997e-04   4.8631910000000002e-03   8.0387278589773587e-03   8.5972790000000000e-04   3.9502190000000002e-05  -6.1136180000000003e-06   5.2808700000000001e-06   1.5317239999999999e-06  -1.9639289999999999e-05  -1.0032570000000000e-03   4.2510239999999998e-04  -3.9408196521245102e-02   5.1211219999999997e-04   1.3080370000000000e-04   6.1825790000000000e-05  -2.4851759999999999e-05   1.1643650000000000e-07   6.6963420000000005e-05   2.5639380000000000e-04  -7.9623079999999999e-05   5.4616559595351555e-03   7.8585169999999998e-04   5.0947720000000000e-06  -1.1373790000000000e-05  -1.3656140000000001e-05  -6.8600270000000001e-06  -1.4358530000000000e-05  -2.3140950000000001e-05   2.7623050000000000e-05  -1.4895046099870750e-03  -5.4201460000000003e-05  -1.2723600000000000e-05   3.1043289999999998e-06   1.2634230000000000e-06   7.1899700000000004e-07   7.9171120000000005e-07   1.5611619999999999e-05  -2.1582209999999999e-06   2.3675507179180016e-04   9.5276699999999999e-06   1.1209280000000001e-06   1.2576799999999999e-07   6.3198660000000006e-08  -3.1590109999999998e-07  -3.5486160000000002e-07   1.2948779999999999e-06  -7.1094550000000003e-07   1.4585342110444691e-05   8.4231380000000005e-07   5.2664120000000002e-07   2.4971640000000001e-08  -2.9476280000000002e-07   5.7027619999999998e-08  -2.3206839999999999e-08  -1.9756319999999998e-06   3.0384300000000000e-06   1.6273860424478246e-05  -5.4441819999999998e-07  -3.7016189999999998e-07  -8.4304819999999995e-08   2.4426330000000000e-07  -2.4261350000000002e-07   1.5775110000000000e-06  -4.7278610000000001e-06   2.3802342201353869e-04  -1.0279169999999999e-05   1.7973030000000000e-06  -4.8153340000000000e-07  -5.7559400000000001e-08  -1.7618120000000001e-08  -5.3521989999999995e-07
  2.4252679910651262e-02   3.4472111436380730e-02   3.4439883772088686e-03   8.6597943940704825e-01  -2.5102166186972939e-02   6.1533598555622822e-03   6.9437630383041328e-03   2.4116391690369491e-03   5.0236020000000005e-04  -8.6963470000000001e-04   8.5972790000000000e-04   7.7621938589773594e-03   6.3318310000000001e-05  -2.8563290000000001e-05  -2.3905510000000001e-05  -2.7219760000000001e-06   5.3684400000000001e-08   1.2434119999999999e-04  -1.9702319999999999e-04   5.1211219999999997e-04  -4.2709197521245100e-02  -5.5424899999999999e-05   6.3103910000000001e-06   3.8140309999999999e-05   1.4102440000000000e-06   1.5568300000000001e-05  -5.8865000000000000e-05  -1.0687350000000000e-04   7.8585169999999998e-04   1.1760852959535155e-02  -9.7342039999999993e-05  -3.6058300000000000e-05   3.7910300000000002e-05   1.0300500000000001e-05  -2.0228749999999998e-05   1.7601559999999999e-06  -2.7915180000000003e-07  -5.4201460000000003e-05  -1.6750859099870750e-03   4.1647770000000003e-04  -1.7626160000000001e-05  -7.2346670000000001e-06  -1.7757850000000000e-06   8.1136180000000000e-07  -5.4106600000000003e-06  -9.6523460000000003e-07   9.5276699999999999e-06   3.3586387179180015e-04  -3.1614200000000000e-05   1.0397180000000000e-05  -3.0049960000000000e-07   1.0792920000000000e-07  -1.4166399999999999e-07   3.2250420000000002e-07   5.8263530000000001e-08   8.4231380000000005e-07   1.4183831110444691e-05  -5.5310939999999997e-06  -9.4642830000000001e-07   3.3968529999999999e-07   8.5117849999999993e-08   1.5450029999999999e-08   1.0574050000000000e-06  -6.3225300000000002e-08  -5.4441819999999998e-07   2.5014804244782439e-06   2.1230130000000000e-06  -2.2786300000000001e-07   1.1451180000000000e-07  -9.7110009999999997e-08  -2.7517470000000000e-07  -2.3750600000000001e-06  -1.0279169999999999e-05   3.1368488201353870e-04  -4.1689600000000000e-06  -2.4292999999999999e-09   2.4696739999999999e-07   1.0304819999999999e-07   6.6022909999999999e-08
 -9.1793107977235862e-04  -4.0197957410078797e-03  -1.4644184829624096e-02  -2.5102166186973113e-02   8.9410937697924331e-01   2.6214246004805701e-02   1.7433579836477617e-02   7.7888002010439005e-03  -6.4341709999999995e-05  -2.5641000000000001e-05   3.9502190000000002e-05   6.3318310000000001e-05   2.8677298589773591e-03  -1.3876880000000000e-04  -4.7402550000000004e-06  -8.4987470000000007e-06  -2.2131760000000000e-07   2.3407320000000000e-05   9.1210529999999996e-06   1.3080370000000000e-04  -5.5424899999999999e-05  -3.7915406521245101e-02   7.8540150000000001e-05   2.7403630000000001e-06   6.7795580000000004e-06  -2.5379100000000002e-06   9.1477909999999994e-06  -1.6854310000000000e-05   5.0947720000000000e-06  -9.7342039999999993e-05   1.2154147959535157e-02  -1.1135440000000001e-04  -3.3729879999999998e-06  -9.2717130000000002e-06   1.0068000000000001e-05  -1.0956060000000001e-05  -1.9945580000000000e-05  -1.2723600000000000e-05   4.1647770000000003e-04  -2.5969244099870751e-03  -2.2778430000000001e-05   1.9035380000000001e-06  -1.2206020000000001e-07   5.1013480000000002e-07   1.7834950000000000e-06   1.6921179999999999e-06   1.1209280000000001e-06  -3.1614200000000000e-05   4.2875601179180015e-04   1.3381110000000000e-05  -4.7448559999999997e-06   7.9351860000000003e-07  -6.0500470000000003e-07   4.7997990000000000e-07   3.4256470000000002e-07   5.2664120000000002e-07  -5.5310939999999997e-06   4.3426561104446916e-06  -5.5152180000000002e-06   1.4532260000000000e-06  -2.9018840000000000e-07   1.6804630000000000e-07  -2.2053889999999999e-07  -2.6675549999999999e-08  -3.7016189999999998e-07   2.1230130000000000e-06  -5.9200995755217555e-06  -1.2849739999999999e-06   4.5572439999999998e-07   1.9602789999999999e-07  -2.7075900000000000e-07   9.1185989999999997e-08   1.7973030000000000e-06  -4.1689600000000000e-06   3.1656890201353866e-04   2.2785630000000001e-06  -5.6487730000000001e-07  -2.2433560000000001e-07   1.4495610000000001e-07
 -1.6119013429309360e-03   4.6081610459736558e-03  -1.3370609823681268e-02   6.1533598555623004e-03   2.6214246004805659e-02   9.1275212888204771e-01   2.6395046584814764e-02   6.1967131521216351e-03  -7.8079449999999996e-07   7.6118239999999995e-05  -6.1136180000000003e-06  -2.8563290000000001e-05  -1.3876880000000000e-04   1.6589598589773595e-03  -1.6983190000000000e-05  -1.0906020000000000e-05  -3.6338139999999998e-06  -2.1789480000000001e-05   3.7787950000000001e-05   6.1825790000000000e-05   6.3103910000000001e-06   7.8540150000000001e-05  -3.6403790321245105e-02   2.5870090000000001e-05   6.6030579999999996e-06   1.9631049999999998e-06   7.0873570000000000e-06  -2.0924070000000000e-05  -1.1373790000000000e-05  -3.6058300000000000e-05  -1.1135440000000001e-04   9.7585539595351559e-03  -2.5436099999999999e-05  -7.1115579999999999e-06  -1.4416079999999999e-06   6.4474880000000004e-07  -2.6619069999999999e-06   3.1043289999999998e-06  -1.7626160000000001e-05  -2.2778430000000001e-05  -2.5568195099870748e-03  -1.3393349999999999e-05  -4.1221800000000002e-07   2.0062649999999998e-06   5.0686199999999998e-07   2.3550480000000000e-06   1.2576799999999999e-07   1.0397180000000000e-05   1.3381110000000000e-05   7.1265497179180009e-04   4.3031719999999998e-05   1.2876050000000001e-06   5.5372689999999997e-06   5.8550720000000003e-08  -2.2635190000000000e-07   2.4971640000000001e-08  -9.4642830000000001e-07  -5.5152180000000002e-06  -4.7377273889555313e-05  -3.0240829999999999e-05  -1.6910550000000000e-06  -5.5854970000000001e-07  -1.2617050000000001e-07   9.0189390000000000e-08  -8.4304819999999995e-08  -2.2786300000000001e-07  -1.2849739999999999e-06  -1.6833789575521755e-05   1.2609949999999999e-06   1.8539409999999999e-07  -2.6110939999999998e-07  -2.2046970000000001e-07  -4.8153340000000000e-07  -2.4292999999999999e-09   2.2785630000000001e-06   3.2572513201353868e-04   4.0206790000000004e-06   7.2546460000000000e-07   1.8662730000000000e-07
 -4.5792574861696885e-04   7.8963351922355855e-04   1.0166385879427124e-03   6.9437630383041250e-03   1.7433579836477617e-02   2.6395046584814764e-02   9.1710573005418872e-01  -2.5685752335806524e-02   2.2480610000000001e-06   9.8845839999999998e-06   5.2808700000000001e-06  -2.3905510000000001e-05  -4.7402550000000004e-06  -1.6983190000000000e-05   1.8229393589773595e-03   5.6464059999999998e-05  -4.3256999999999999e-06  -4.1720479999999997e-06   8.9144980000000003e-06  -2.4851759999999999e-05   3.8140309999999999e-05   2.7403630000000001e-06   2.5870090000000001e-05  -3.6037460121245105e-02  -3.9314229999999999e-05  -9.7076280000000004e-07  -1.3019190000000001e-06  -3.0150940000000000e-06  -1.3656140000000001e-05   3.7910300000000002e-05  -3.3729879999999998e-06  -2.5436099999999999e-05   9.1744735595351550e-03   4.0649470000000002e-05   3.2489100000000002e-06   5.0419519999999997e-08  -2.9583560000000001e-07   1.2634230000000000e-06  -7.2346670000000001e-06   1.9035380000000001e-06  -1.3393349999999999e-05  -2.2151873299870750e-03  -7.0891279999999995e-07  -3.6742080000000001e-06   3.8150200000000002e-07   2.4829390000000002e-07   6.3198660000000006e-08  -3.0049960000000000e-07  -4.7448559999999997e-06   4.3031719999999998e-05   7.2480037179180009e-04   8.5157459999999996e-06   3.4756370000000002e-06  -7.5672360000000000e-08  -1.1530940000000000e-07  -2.9476280000000002e-07   3.3968529999999999e-07   1.4532260000000000e-06  -3.0240829999999999e-05  -5.9220538895553092e-06  -1.4706919999999999e-06  -1.5174610000000001e-06  -4.1880319999999998e-08   2.5029620000000001e-08   2.4426330000000000e-07   1.1451180000000000e-07   4.5572439999999998e-07   1.2609949999999999e-06  -8.4379099575521751e-05   4.4397159999999996e-06   1.1394690000000001e-06  -7.6328130000000002e-08  -5.7559400000000001e-08   2.4696739999999999e-07  -5.6487730000000001e-07   4.0206790000000004e-06   3.4173569201353867e-04   1.0492719999999999e-07   4.7752610000000000e-07
 -7.9916717826279034e-05  -1.7286215762161972e-04   8.9430288507118055e-04   2.4116391690369391e-03   7.7888002010438910e-03   6.1967131521216698e-03  -2.5685752335806781e-02   9.7417955878930107e-01  -6.6526160000000001e-06   4.1950230000000001e-06   1.5317239999999999e-06  -2.7219760000000001e-06  -8.4987470000000007e-06  -1.0906020000000000e-05   5.6464059999999998e-05   2.2692868589773594e-03  -5.8654830000000002e-05  -1.0851010000000000e-06   3.5335300000000001e-06   1.1643650000000000e-07   1.4102440000000000e-06   6.7795580000000004e-06   6.6030579999999996e-06  -3.9314229999999999e-05  -3.5952387621245099e-02   2.5208580000000000e-05  -5.0015600000000005e-07  -2.3752799999999998e-06  -6.8600270000000001e-06   1.0300500000000001e-05  -9.2717130000000002e-06  -7.1115579999999999e-06   4.0649470000000002e-05   8.9421576595351566e-03  -1.7760339999999999e-05   3.4855700000000001e-10   6.8547769999999999e-08   7.1899700000000004e-07  -1.7757850000000000e-06  -1.2206020000000001e-07  -4.1221800000000002e-07  -7.0891279999999995e-07  -2.0981159099870751e-03  -7.4600940000000002e-06   7.1812219999999999e-08  -1.1443110000000001e-07  -3.1590109999999998e-07   1.0792920000000000e-07   7.9351860000000003e-07   1.2876050000000001e-06   8.5157459999999996e-06   5.5707381179180017e-04   1.3338830000000000e-06   1.5032140000000000e-08   2.6517769999999999e-08   5.7027619999999998e-08   8.5117849999999993e-08  -2.9018840000000000e-07  -1.6910550000000000e-06  -1.4706919999999999e-06   5.3845156110444691e-05  -2.3341510000000002e-06  -2.8827810000000001e-08  -3.2110040000000001e-08  -2.4261350000000002e-07  -9.7110009999999997e-08   1.9602789999999999e-07   1.8539409999999999e-07   4.4397159999999996e-06  -2.0677970957552177e-04   4.0574399999999998e-07   2.9467819999999998e-08  -1.7618120000000001e-08   1.0304819999999999e-07  -2.2433560000000001e-07   7.2546460000000000e-07   1.0492719999999999e-07   3.8374705201353870e-04   5.9004450000000001e-06
  1.2737837489773488e-03  -1.6705169999999998e-02  -9.5550699999999997e-04   5.0236020000000005e-04  -6.4341709999999995e-05  -7.8079449999999996e-07   2.2480610000000001e-06  -6.6526160000000001e-06   6.7446179668143202e-01   2.3188891208251036e-03  -3.9408982783612503e-02   2.2073374910651235e-02  -2.2826237977237107e-04  -1.2073773929309334e-03  -4.0143910961697003e-04  -5.1093377826279249e-05  -2.2128511642870238e-05   1.4845499969695641e-01   5.4794659999999997e-03   1.1474759999999999e-03  -2.1106219999999999e-04   4.3183730000000000e-05  -4.2357370000000003e-06  -7.0488750000000003e-06   1.4460540000000000e-06   1.4243500000000000e-05  -3.1044351650972690e-02  -1.1204559999999999e-03  -9.8437669999999999e-05  -4.5818760000000000e-05  -5.9994419999999997e-05   3.8327660000000003e-06   4.6562789999999998e-06   1.1567420000000000e-06  -8.2769390000000003e-06   1.8530666720513575e-04   5.4484780000000003e-05   1.1650770000000000e-05   3.0962009999999999e-06   1.7652350000000000e-05  -9.6491489999999991e-07   2.5643370000000000e-07  -1.0063100000000000e-07   4.4393129999999998e-07   9.1423054358943240e-04  -6.0316989999999998e-05  -6.8202920000000004e-06   3.9503439999999996e-06   1.1015059999999999e-06  -2.4478170000000000e-08   1.3692580000000001e-07  -4.8257369999999999e-08  -1.7635089999999999e-10  -1.4025070506224261e-05   7.1045450000000003e-07   4.9869050000000004e-07   5.3184480000000002e-07   5.3741430000000003e-08   3.3496350000000002e-07  -9.0205769999999993e-08  -2.4189380000000001e-08   3.5892069999999997e-08   5.5061168213162671e-05   1.0935080000000000e-05   4.5776040000000001e-06  -1.6727750000000000e-06   1.5580319999999999e-07   1.2239619999999999e-07   3.1528760000000000e-08   2.6544549999999999e-08   2.3019579999999999e-08  -5.0446019999999999e-05  -2.0147550000000000e-05   1.3598790000000000e-05   7.7650310000000002e-07  -2.7963309999999999e-07   7.4996989999999997e-08  -3.0031550000000003e-08  -7.1646699999999998e-10
 -1.6705169999999998e-02   1.0358291589773489e-03   4.8631910000000002e-03  -8.6963470000000001e-04  -2.5641000000000001e-05   7.6118239999999995e-05   9.8845839999999998e-06   4.1950230000000001e-06   2.3188891208250351e-03   8.7655498736626380e-01  -7.9791141383532063e-03   3.1462690336380800e-02  -3.8219932410078258e-03   3.8941190459736473e-03   7.0662196922356203e-04  -1.6587759762161901e-04  -1.4005354962492162e-04   5.4794659999999997e-03   1.3839329969695641e-01  -1.5569660000000001e-02   2.0518600000000000e-04  -8.0844770000000000e-05  -1.5303870000000000e-04  -9.3823119999999994e-06  -6.7420850000000000e-06  -1.3084100000000000e-04  -1.1204559999999999e-03  -2.8799077050972691e-02   1.2447090000000001e-03   3.9001029999999998e-04   2.1013129999999999e-05   2.0158769999999999e-05   6.5768359999999998e-07   1.3012769999999999e-06   1.0730110000000000e-05   5.4484780000000003e-05   4.7641667205135772e-05   5.1009159999999997e-05   3.2303129999999999e-06   3.4809170000000003e-05  -5.8505409999999998e-06  -1.1939239999999999e-06  -1.0790740000000000e-07   8.0651600000000005e-07  -6.0316989999999998e-05   7.8767426358943243e-04   4.2053199999999999e-05  -1.1167340000000000e-05  -3.8319479999999997e-07   8.3838320000000001e-06   7.7974919999999999e-07  -6.0781470000000004e-08  -4.1053039999999998e-07   7.1045450000000003e-07  -5.9132190506224256e-05  -1.9427080000000001e-05  -2.3996599999999998e-06  -5.4567499999999997e-07   6.5903679999999996e-08   2.1284609999999999e-07  -8.5891219999999992e-09  -1.8843190000000001e-07   1.0935080000000000e-05  -2.1740891786837320e-05  -2.8369149999999999e-05   6.7761339999999996e-08   2.4680480000000001e-08  -5.0901740000000003e-07  -5.4434720000000001e-08   3.3663000000000002e-08  -2.2589790000000001e-07   2.2748430811932922e-04   2.0784440000000000e-04  -1.4886970000000000e-05   2.6779130000000000e-08   2.9558269999999998e-06   2.2702629999999999e-07   2.3848990000000002e-07   1.9389039999999999e-06
 -9.5550699999999997e-04   4.8631910000000002e-03   8.0387278589773483e-03   8.5972790000000000e-04   3.9502190000000002e-05  -6.1136180000000003e-06   5.2808700000000001e-06   1.5317239999999999e-06  -3.9408982783612503e-02  -7.9791141383529010e-03   1.0511312965072890e+00   5.9046786772087214e-03  -1.4758136059624082e-02  -1.3417470823681268e-02   9.3262108794269882e-04   7.8375438507118555e-04  -4.4416177688446964e-03   1.1474759999999999e-03  -1.5569660000000001e-02   1.3765849969695640e-01  -3.5789920000000000e-03  -1.9806350000000001e-04  -8.8194160000000001e-05   2.1810790000000001e-05  -7.9830180000000006e-06  -1.0437449999999999e-04  -9.8437669999999999e-05   1.2447090000000001e-03  -1.9020559650972692e-02  -1.0951509999999999e-03  -6.8654880000000004e-05   6.2080849999999997e-07   2.8594440000000001e-05   1.1479180000000000e-05   1.7058349999999999e-05   1.1650770000000000e-05   5.1009159999999997e-05  -2.7544843279486421e-04   4.6567000000000003e-05   2.1540939999999998e-05   1.0035439999999999e-06  -1.6274340000000000e-06  -8.0907569999999996e-07  -1.5667450000000000e-07  -6.8202920000000004e-06   4.2053199999999999e-05   7.2958416358943250e-04   1.5924529999999998e-05   6.4879810000000001e-06  -2.9727299999999999e-06   3.7170609999999997e-08  -3.9401589999999998e-07  -1.5939600000000001e-06   4.9869050000000004e-07  -1.9427080000000001e-05  -9.5723630506224262e-05  -1.2890880000000000e-06  -2.8499159999999999e-07   2.3327000000000000e-07  -2.9348810000000001e-07  -2.8321960000000000e-07  -4.3235319999999999e-07   4.5776040000000001e-06  -2.8369149999999999e-05   1.1271508213162669e-05   1.1561259999999999e-06   3.5533800000000002e-08  -3.9957030000000001e-08  -2.9818830000000003e-07  -9.5873810000000001e-08  -1.6757520000000001e-06   2.0784440000000000e-04  -2.1583869188067080e-04   2.2376939999999999e-05   6.1276079999999998e-07   1.4448110000000000e-06   5.1218669999999998e-08   1.6605470000000000e-08   5.0819070000000000e-07
  5.0236020000000005e-04  -8.6963470000000001e-04   8.5972790000000000e-04   7.7621938589773481e-03   6.3318310000000001e-05  -2.8563290000000001e-05  -2.3905510000000001e-05  -2.7219760000000001e-06   2.2073374910651263e-02   3.1462690336380730e-02   5.9046786772088689e-03   1.2490199994314151e+00  -2.6779629186972940e-02   6.1024556555622821e-03   7.0642121383041332e-03   2.4374064690369491e-03   1.4861335795551551e-04  -2.1106219999999999e-04   2.0518600000000000e-04  -3.5789920000000000e-03   1.5258158969695640e-01   4.1229030000000003e-05   5.9249919999999998e-05   3.1770729999999999e-06   5.2141779999999998e-06  -8.1476889999999998e-06  -4.5818760000000000e-05   3.9001029999999998e-04  -1.0951509999999999e-03  -2.9125129450972693e-02   3.5195620000000002e-04   4.8517989999999998e-05  -7.7082210000000006e-05  -1.7987640000000000e-05   2.0988350000000000e-05   3.0962009999999999e-06   3.2303129999999999e-06   4.6567000000000003e-05  -2.5739173279486427e-04  -6.4815870000000005e-04   2.7832100000000001e-05   4.2980850000000002e-06   2.3537690000000000e-06  -1.2682930000000000e-06   3.9503439999999996e-06  -1.1167340000000000e-05   1.5924529999999998e-05   8.5572339358943239e-04   3.6021330000000001e-06   1.0082040000000000e-05   8.7217940000000001e-07  -3.0185940000000002e-07   3.5924599999999999e-07   5.3184480000000002e-07  -2.3996599999999998e-06  -1.2890880000000000e-06  -6.4838700506224267e-05   8.6441760000000004e-06  -1.1150510000000000e-06  -2.8842619999999998e-07   7.0239180000000002e-08   1.8251550000000000e-07  -1.6727750000000000e-06   6.7761339999999996e-08   1.1561259999999999e-06   8.3175348213162679e-05  -2.2087519999999999e-06   7.8770670000000005e-08   3.7165950000000001e-08   1.5288899999999999e-07   2.1602190000000001e-07  -1.4886970000000000e-05   2.2376939999999999e-05  -4.8021299188067079e-04   1.8010579999999999e-06   5.7737579999999996e-07  -5.5365590000000000e-07  -1.9117410000000001e-07   2.2821270000000000e-07
 -6.4341709999999995e-05  -2.5641000000000001e-05   3.9502190000000002e-05   6.3318310000000001e-05   2.8677298589773487e-03  -1.3876880000000000e-04  -4.7402550000000004e-06  -8.4987470000000007e-06  -2.2826237977235860e-04  -3.8219932410078795e-03  -1.4758136059624097e-02  -2.6779629186973113e-02   1.3059331370036102e+00   2.6041449654805700e-02   1.7308956436477618e-02   7.8109714110439002e-03   7.8415610539290398e-04   4.3183730000000000e-05  -8.0844770000000000e-05  -1.9806350000000001e-04   4.1229030000000003e-05   1.5411683969695641e-01   1.0458640000000001e-04   7.5540549999999996e-06  -3.0041370000000001e-06   1.5604610000000000e-05  -5.9994419999999997e-05   2.1013129999999999e-05  -6.8654880000000004e-05   3.5195620000000002e-04  -3.1898728650972694e-02   1.7497819999999999e-04   1.4153959999999999e-05   1.2098789999999999e-05  -1.3762910000000001e-05   1.7652350000000000e-05   3.4809170000000003e-05   2.1540939999999998e-05  -6.4815870000000005e-04  -6.0658832794864266e-05   1.0516670000000000e-06  -2.5485359999999999e-05  -2.3847499999999999e-06  -2.5041330000000002e-06   1.1015059999999999e-06  -3.8319479999999997e-07   6.4879810000000001e-06   3.6021330000000001e-06   1.0494154635894324e-03  -8.5329880000000003e-05  -3.0019679999999999e-07   2.0198359999999998e-06   1.6267790000000000e-07   5.3741430000000003e-08  -5.4567499999999997e-07  -2.8499159999999999e-07   8.6441760000000004e-06  -6.7355980506224263e-05   3.1362710000000002e-06   1.1112670000000000e-07   7.5252610000000002e-07   1.2122630000000001e-07   1.5580319999999999e-07   2.4680480000000001e-08   3.5533800000000002e-08  -2.2087519999999999e-06   1.0253906821316267e-04  -8.3049830000000001e-07  -2.0512569999999998e-08  -4.5818180000000001e-07   1.7539240000000001e-07   2.6779130000000000e-08   6.1276079999999998e-07   1.8010579999999999e-06  -4.5922639188067079e-04  -3.5561920000000001e-07  -2.2172900000000001e-07  -2.5194299999999998e-10  -4.5535670000000002e-07
 -7.8079449999999996e-07   7.6118239999999995e-05  -6.1136180000000003e-06  -2.8563290000000001e-05  -1.3876880000000000e-04   1.6589598589773487e-03  -1.6983190000000000e-05  -1.0906020000000000e-05  -1.2073773929309360e-03   3.8941190459736560e-03  -1.3417470823681268e-02   6.1024556555623003e-03   2.6041449654805659e-02   1.3368378489064145e+00   2.7146125584814766e-02   6.2914605521216345e-03   1.6084476428130930e-02  -4.2357370000000003e-06  -1.5303870000000000e-04  -8.8194160000000001e-05   5.9249919999999998e-05   1.0458640000000001e-04   1.5214156469695642e-01  -1.1456979999999999e-05   3.5525590000000000e-06  -6.3045550000000000e-06   3.8327660000000003e-06   2.0158769999999999e-05   6.2080849999999997e-07   4.8517989999999998e-05   1.7497819999999999e-04  -2.9276132850972691e-02   1.0273990000000001e-06   5.2793420000000003e-06  -1.0976570000000000e-06  -9.6491489999999991e-07  -5.8505409999999998e-06   1.0035439999999999e-06   2.7832100000000001e-05   1.0516670000000000e-06   5.0607438720513570e-04   3.2211049999999997e-05   1.8146660000000001e-06   1.3025870000000001e-06  -2.4478170000000000e-08   8.3838320000000001e-06  -2.9727299999999999e-06   1.0082040000000000e-05  -8.5329880000000003e-05   1.4736428635894324e-03   1.8026990000000001e-05  -1.9606100000000002e-06   5.9444980000000000e-06   3.3496350000000002e-07   6.5903679999999996e-08   2.3327000000000000e-07  -1.1150510000000000e-06   3.1362710000000002e-06   1.9426139493775743e-05  -3.5752389999999999e-05   9.8092670000000008e-07   1.0497590000000000e-06   1.2239619999999999e-07  -5.0901740000000003e-07  -3.9957030000000001e-08   7.8770670000000005e-08  -8.3049830000000001e-07   1.1998698321316267e-04   3.3987059999999999e-06   1.3399920000000001e-06  -6.5901169999999999e-09   2.9558269999999998e-06   1.4448110000000000e-06   5.7737579999999996e-07  -3.5561920000000001e-07  -3.9446862188067080e-04  -1.1032779999999999e-06   4.6676380000000000e-07   1.6027390000000000e-07
  2.2480610000000001e-06   9.8845839999999998e-06   5.2808700000000001e-06  -2.3905510000000001e-05  -4.7402550000000004e-06  -1.6983190000000000e-05   1.8229393589773487e-03   5.6464059999999998e-05  -4.0143910961696884e-04   7.0662196922355856e-04   9.3262108794271248e-04   7.0642121383041254e-03   1.7308956436477618e-02   2.7146125584814766e-02   1.3480954200785555e+00  -2.5773761035806524e-02  -1.4221733267129673e-02  -7.0488750000000003e-06  -9.3823119999999994e-06   2.1810790000000001e-05   3.1770729999999999e-06   7.5540549999999996e-06  -1.1456979999999999e-05   1.5063301595695641e-01   1.6669490000000000e-05   1.6605589999999998e-05   4.6562789999999998e-06   6.5768359999999998e-07   2.8594440000000001e-05  -7.7082210000000006e-05   1.4153959999999999e-05   1.0273990000000001e-06  -2.8917223350972691e-02  -3.7650500000000001e-05  -7.2150450000000001e-06   2.5643370000000000e-07  -1.1939239999999999e-06  -1.6274340000000000e-06   4.2980850000000002e-06  -2.5485359999999999e-05   3.2211049999999997e-05   4.2433676120513575e-04  -2.3675129999999999e-06   3.6713310000000001e-06   1.3692580000000001e-07   7.7974919999999999e-07   3.7170609999999997e-08   8.7217940000000001e-07  -3.0019679999999999e-07   1.8026990000000001e-05   1.2969866635894325e-03   1.3142480000000000e-05   4.6783020000000002e-06  -9.0205769999999993e-08   2.1284609999999999e-07  -2.9348810000000001e-07  -2.8842619999999998e-07   1.1112670000000000e-07  -3.5752389999999999e-05   1.4136460949377576e-04  -2.6574379999999999e-08   5.1589399999999995e-07   3.1528760000000000e-08  -5.4434720000000001e-08  -2.9818830000000003e-07   3.7165950000000001e-08  -2.0512569999999998e-08   3.3987059999999999e-06   1.8761801821316266e-04   1.2966740000000000e-05   7.2254380000000003e-07   2.2702629999999999e-07   5.1218669999999998e-08  -5.5365590000000000e-07  -2.2172900000000001e-07  -1.1032779999999999e-06  -3.5638482888067081e-04  -4.3489549999999999e-07  -3.1118179999999998e-07
 -6.6526160000000001e-06   4.1950230000000001e-06   1.5317239999999999e-06  -2.7219760000000001e-06  -8.4987470000000007e-06  -1.0906020000000000e-05   5.6464059999999998e-05   2.2692868589773490e-03  -5.1093377826279032e-05  -1.6587759762161971e-04   7.8375438507118057e-04   2.4374064690369391e-03   7.8109714110438907e-03   6.2914605521216692e-03  -2.5773761035806780e-02   1.4076559588136681e+00   3.2989170671034801e-03   1.4460540000000000e-06  -6.7420850000000000e-06  -7.9830180000000006e-06   5.2141779999999998e-06  -3.0041370000000001e-06   3.5525590000000000e-06   1.6669490000000000e-05   1.4977915799695640e-01   4.9979140000000000e-05   1.1567420000000000e-06   1.3012769999999999e-06   1.1479180000000000e-05  -1.7987640000000000e-05   1.2098789999999999e-05   5.2793420000000003e-06  -3.7650500000000001e-05  -2.8730095350972693e-02   3.8513830000000003e-06  -1.0063100000000000e-07  -1.0790740000000000e-07  -8.0907569999999996e-07   2.3537690000000000e-06  -2.3847499999999999e-06   1.8146660000000001e-06  -2.3675129999999999e-06   3.4710417720513575e-04   8.7937179999999994e-06  -4.8257369999999999e-08  -6.0781470000000004e-08  -3.9401589999999998e-07  -3.0185940000000002e-07   2.0198359999999998e-06  -1.9606100000000002e-06   1.3142480000000000e-05   1.0009302635894325e-03   1.8379349999999999e-06  -2.4189380000000001e-08  -8.5891219999999992e-09  -2.8321960000000000e-07   7.0239180000000002e-08   7.5252610000000002e-07   9.8092670000000008e-07  -2.6574379999999999e-08   5.1398259493775742e-05   5.0417529999999995e-07   2.6544549999999999e-08   3.3663000000000002e-08  -9.5873810000000001e-08   1.5288899999999999e-07  -4.5818180000000001e-07   1.3399920000000001e-06   1.2966740000000000e-05   3.0384220821316266e-04   1.5515419999999999e-05   2.3848990000000002e-07   1.6605470000000000e-08  -1.9117410000000001e-07  -2.5194299999999998e-10   4.6676380000000000e-07  -4.3489549999999999e-07  -3.0497781188067082e-04   1.3616889999999999e-05
 -1.4200970000000000e-05   2.0608930000000001e-05  -1.9639289999999999e-05   5.3684400000000001e-08  -2.2131760000000000e-07  -3.6338139999999998e-06  -4.3256999999999999e-06  -5.8654830000000002e-05  -2.2128511642869791e-05  -1.4005354962492151e-04  -4.4416177688446964e-03   1.4861335795551180e-04   7.8415610539290387e-04   1.6084476428130934e-02  -1.4221733267129683e-02   3.2989170671034497e-03   9.6948445838631103e-01   1.4243500000000000e-05  -1.3084100000000000e-04  -1.0437449999999999e-04  -8.1476889999999998e-06   1.5604610000000000e-05  -6.3045550000000000e-06   1.6605589999999998e-05   4.9979140000000000e-05   1.4955349169695642e-01  -8.2769390000000003e-06   1.0730110000000000e-05   1.7058349999999999e-05   2.0988350000000000e-05  -1.3762910000000001e-05  -1.0976570000000000e-06  -7.2150450000000001e-06   3.8513830000000003e-06  -2.8807149950972694e-02   4.4393129999999998e-07   8.0651600000000005e-07  -1.5667450000000000e-07  -1.2682930000000000e-06  -2.5041330000000002e-06   1.3025870000000001e-06   3.6713310000000001e-06   8.7937179999999994e-06   3.6749901720513573e-04  -1.7635089999999999e-10  -4.1053039999999998e-07  -1.5939600000000001e-06   3.5924599999999999e-07   1.6267790000000000e-07   5.9444980000000000e-06   4.6783020000000002e-06   1.8379349999999999e-06   9.6833265358943249e-04   3.5892069999999997e-08  -1.8843190000000001e-07  -4.3235319999999999e-07   1.8251550000000000e-07   1.2122630000000001e-07   1.0497590000000000e-06   5.1589399999999995e-07   5.0417529999999995e-07  -1.9947450506224259e-05   2.3019579999999999e-08  -2.2589790000000001e-07  -1.6757520000000001e-06   2.1602190000000001e-07   1.7539240000000001e-07  -6.5901169999999999e-09   7.2254380000000003e-07   1.5515419999999999e-05   2.3330580821316269e-04   1.9389039999999999e-06   5.0819070000000000e-07   2.2821270000000000e-07  -4.5535670000000002e-07   1.6027390000000000e-07  -3.1118179999999998e-07   1.3616889999999999e-05  -3.3384403188067082e-04
 -3.0979225521245074e-02   7.2647840000000005e-04  -1.0032570000000000e-03   1.2434119999999999e-04   2.3407320000000000e-05  -2.1789480000000001e-05  -4.1720479999999997e-06  -1.0851010000000000e-06   1.4845499969695641e-01   5.4794659999999997e-03   1.1474759999999999e-03  -2.1106219999999999e-04   4.3183730000000000e-05  -4.2357370000000003e-06  -7.0488750000000003e-06   1.4460540000000000e-06   1.4243500000000000e-05   7.9250316573812263e-01   9.0481641208251043e-03  -4.6905208783612498e-02   2.4176695910651233e-02   9.1421782022762903e-04  -1.3067871929309336e-03  -4.1947506961697006e-04  -4.6065877826279250e-05   2.1186274835712979e-04   1.4827356404210962e-01  -5.9229339999999995e-04  -4.0249140000000002e-04   4.8114309999999999e-04   1.1704520000000000e-04   5.3530390000000003e-06  -5.4031500000000001e-06  -1.2390510000000000e-06   9.5733610000000005e-06   6.9855006666888018e-03   5.6253910000000001e-05  -1.0605070000000000e-04  -2.9420890000000001e-05  -2.7275239999999999e-05  -1.5965290000000000e-06  -3.7506980000000000e-08   1.3153510000000001e-07  -1.6350610000000000e-06  -1.5776527229624891e-03  -9.6300999999999999e-07  -2.5231800000000001e-06  -7.5506659999999999e-06  -1.5387840000000000e-06   1.7555610000000000e-06  -3.3335429999999998e-07  -2.0008330000000001e-09   4.1840549999999998e-07  -5.5691905034560899e-04   2.5822280000000000e-06   1.7000859999999999e-05  -3.7129480000000001e-06   9.3166830000000000e-07  -1.0002210000000000e-07  -1.1717260000000000e-07   5.9748260000000004e-08   2.8576580000000001e-07  -1.3600205328146171e-03   4.2361279999999999e-06   2.2462400000000000e-05  -9.1961689999999995e-07  -1.0352080000000001e-06   6.7292799999999995e-08  -1.2765380000000000e-07  -4.8088440000000001e-08   3.6549729999999998e-07   3.9870689999999997e-06  -1.2985800000000000e-04   2.1693020000000002e-06   1.0329699999999999e-06  -1.8679710000000000e-06  -2.8656920000000001e-07  -1.4305370000000000e-07  -1.7492330000000000e-06
  7.2647840000000005e-04  -2.1859027521245075e-02   4.2510239999999998e-04  -1.9702319999999999e-04   9.1210529999999996e-06   3.7787950000000001e-05   8.9144980000000003e-06   3.5335300000000001e-06   5.4794659999999997e-03   1.3839329969695641e-01  -1.5569660000000001e-02   2.0518600000000000e-04  -8.0844770000000000e-05  -1.5303870000000000e-04  -9.3823119999999994e-06  -6.7420850000000000e-06  -1.3084100000000000e-04   9.0481641208250349e-03   1.0652485564229544e+00  -6.5124141383532059e-03   2.5850634436380797e-02  -3.8004536410078259e-03   4.5307414459736474e-03   8.9836083922356202e-04  -8.9901647621619003e-05  -2.9262349624921603e-05  -5.9229339999999995e-04   1.4725069204210961e-01   3.6113999999999999e-03  -7.0575940000000006e-05   1.6306329999999999e-04   9.6342290000000000e-05   1.5260809999999999e-05   7.7435580000000002e-07   4.8412960000000003e-05   5.6253910000000001e-05   7.9618858666888025e-03  -1.2908320000000001e-04   8.1428340000000007e-06  -3.6512939999999997e-05   1.9796199999999999e-05   2.9713650000000001e-06   4.8463770000000005e-07  -9.6804370000000001e-07  -9.6300999999999999e-07  -1.6414621529624890e-03  -2.2752109999999999e-05  -1.0618720000000000e-05  -1.2673309999999999e-06  -7.6160079999999998e-06  -1.8522320000000000e-07  -6.1274250000000004e-08  -2.6930590000000002e-07   2.5822280000000000e-06  -7.7446775034560903e-04  -1.2069389999999999e-05  -6.5120760000000001e-06   5.3533360000000000e-07  -1.3699669999999999e-06  -3.6650990000000003e-07   4.8997800000000002e-08  -3.7716890000000002e-07   4.2361279999999999e-06  -1.4794301628146172e-03  -4.4373179999999999e-06  -1.9583680000000001e-06  -8.8137410000000001e-07  -1.3105819999999999e-06  -7.4070000000000001e-08  -1.9366480000000000e-07  -2.1161319999999999e-07   5.2347456523981536e-03  -6.7518549999999997e-05   2.1833740000000000e-05  -9.7218689999999990e-07   4.4722500000000003e-06   5.1826269999999998e-07   1.1480720000000000e-07  -1.4835600000000000e-06
 -1.0032570000000000e-03   4.2510239999999998e-04  -3.9408196521245074e-02   5.1211219999999997e-04   1.3080370000000000e-04   6.1825790000000000e-05  -2.4851759999999999e-05   1.1643650000000000e-07   1.1474759999999999e-03  -1.5569660000000001e-02   1.3765849969695640e-01  -3.5789920000000000e-03  -1.9806350000000001e-04  -8.8194160000000001e-05   2.1810790000000001e-05  -7.9830180000000006e-06  -1.0437449999999999e-04  -4.6905208783612498e-02  -6.5124141383529014e-03   7.8616346556397965e-01   1.4189038677208721e-02  -1.2498321559624081e-02  -1.2178100223681269e-02   4.2081018794269882e-04   6.8926778507118560e-04  -3.7937000688446965e-03  -4.0249140000000002e-04   3.6113999999999999e-03   1.3090924804210963e-01   1.5206690000000000e-02   7.8280039999999997e-04   9.5444709999999998e-05  -2.0058019999999999e-04  -3.4569269999999999e-05   4.7274650000000000e-05  -1.0605070000000000e-04  -1.2908320000000001e-04   8.6842228666888024e-03  -8.5123860000000003e-04  -3.3017679999999999e-05  -1.1574850000000000e-05   1.0167320000000000e-05   2.9442679999999999e-06   7.0090689999999997e-06  -2.5231800000000001e-06  -2.2752109999999999e-05  -1.9592529229624893e-03   1.1925070000000000e-05  -7.4130970000000004e-06   1.4163580000000000e-06  -5.3807380000000002e-07   5.3922280000000001e-08   2.2103369999999998e-06   1.7000859999999999e-05  -1.2069389999999999e-05  -8.8826245034560902e-04   1.4249759999999999e-05   2.7718700000000001e-06   2.2368750000000000e-07   1.6533730000000000e-07   4.9150240000000000e-07  -1.5567220000000000e-06   2.2462400000000000e-05  -4.4373179999999999e-06  -1.3858998228146171e-03  -1.5335249999999999e-05  -9.2819039999999993e-06  -3.9290069999999998e-07   1.9452530000000000e-06   1.1223640000000000e-07   7.6593589999999994e-06  -6.7518549999999997e-05   5.4437446523981541e-03  -2.3750179999999999e-04   2.8609970000000000e-05  -5.5546420000000000e-06   1.0209559999999999e-06  -7.6912039999999996e-07   3.9805689999999998e-06
