  1.7410903652947426e-01   3.0101391208251036e-03  -4.8661499783612498e-02   2.4252679910651234e-02  -9.1793107977237109e-04  -1.6119013429309334e-03  -4.5792574861697004e-04  -7.9916717826279251e-05  -2.1162635164287023e-04   1.2737837489773594e-03  -1.4200970000000000e-05  -3.0979225521245102e-02  -1.4699139999999999e-07   6.9335839595351563e-03   3.4968350000000000e-06  -2.2199305299870748e-03  -7.2885249999999998e-07   6.1876181179180013e-04   4.2017059999999999e-07   7.5656446110444696e-05   5.0633690000000002e-08  -3.0953692575521753e-05  -2.7700769999999999e-09   4.9113753201353869e-04   2.5059660000000001e-05   5.0741899999999998e-06  -4.7294120000000003e-06   9.4111230000000002e-07   3.5400929999999998e-07   8.4828670000000005e-08   5.6831060000000000e-08   1.3860540000000001e-07
  3.0101391208250351e-03   5.1900832734189706e-01  -1.8107813835320594e-04   3.4472111436380799e-02  -4.0197957410078259e-03   4.6081610459736471e-03   7.8963351922356202e-04  -1.7286215762161902e-04   2.8174550375078389e-05  -1.6705169999999998e-02   2.0608930000000001e-05   7.2647840000000005e-04   1.0649720000000000e-05  -4.2598119999999999e-04  -3.9338969999999999e-06  -4.4624340000000002e-05   3.7213770000000002e-07   1.9563869999999999e-05  -1.0751740000000000e-07   7.4437179999999996e-06   1.4336640000000001e-08  -3.8709109999999997e-06  -3.9551060000000000e-10   2.5059660000000001e-05   2.5880502201353870e-04  -4.7278610000000001e-06  -2.3750600000000001e-06   9.1185989999999997e-08  -2.2046970000000001e-07  -7.6328130000000002e-08   2.9467819999999998e-08  -2.5280450000000001e-07
 -4.8661499783612498e-02  -1.8107813835290150e-04   5.9914533648292223e-01   3.4439883772087211e-03  -1.4644184829624081e-02  -1.3370609823681268e-02   1.0166385879426987e-03   8.9430288507118553e-04  -3.6970614688446963e-03  -9.5550699999999997e-04  -1.9639289999999999e-05  -1.0032570000000000e-03   6.6963420000000005e-05   2.5639380000000000e-04  -1.4358530000000000e-05  -2.3140950000000001e-05   7.9171120000000005e-07   1.5611619999999999e-05  -3.5486160000000002e-07   1.2948779999999999e-06  -2.3206839999999999e-08  -1.9756319999999998e-06   1.5775110000000000e-06   5.0741899999999998e-06  -4.7278610000000001e-06   2.3802342201353869e-04  -1.0279169999999999e-05   1.7973030000000000e-06  -4.8153340000000000e-07  -5.7559400000000001e-08  -1.7618120000000001e-08  -5.3521989999999995e-07
  2.4252679910651262e-02   3.4472111436380730e-02   3.4439883772088686e-03   6.7597943940704819e-01  -2.5102166186972939e-02   6.1533598555622822e-03   6.9437630383041328e-03   2.4116391690369491e-03   1.1911694795551551e-04   5.0236020000000005e-04   5.3684400000000001e-08   1.2434119999999999e-04   1.5568300000000001e-05  -5.8865000000000000e-05  -2.0228749999999998e-05   1.7601559999999999e-06   8.1136180000000000e-07  -5.4106600000000003e-06  -1.4166399999999999e-07   3.2250420000000002e-07   1.5450029999999999e-08   1.0574050000000000e-06  -2.7517470000000000e-07  -4.7294120000000003e-06  -2.3750600000000001e-06  -1.0279169999999999e-05   3.1368488201353870e-04  -4.1689600000000000e-06  -2.4292999999999999e-09   2.4696739999999999e-07   1.0304819999999999e-07   6.6022909999999999e-08
 -9.1793107977235862e-04  -4.0197957410078797e-03  -1.4644184829624096e-02  -2.5102166186973113e-02   7.0410937697924325e-01   2.6214246004805701e-02   1.7433579836477617e-02   7.7888002010439005e-03   7.9063979539290398e-04  -6.4341709999999995e-05  -2.2131760000000000e-07   2.3407320000000000e-05  -2.5379100000000002e-06   9.1477909999999994e-06   1.0068000000000001e-05  -1.0956060000000001e-05   5.1013480000000002e-07   1.7834950000000000e-06  -6.0500470000000003e-07   4.7997990000000000e-07   1.6804630000000000e-07  -2.2053889999999999e-07  -2.7075900000000000e-07   9.4111230000000002e-07   9.1185989999999997e-08   1.7973030000000000e-06  -4.1689600000000000e-06   3.1656890201353866e-04   2.2785630000000001e-06  -5.6487730000000001e-07  -2.2433560000000001e-07   1.4495610000000001e-07
 -1.6119013429309360e-03   4.6081610459736558e-03  -1.3370609823681268e-02   6.1533598555623004e-03   2.6214246004805659e-02   7.2275212888204776e-01   2.6395046584814764e-02   6.1967131521216351e-03   1.6051896358130931e-02  -7.8079449999999996e-07  -3.6338139999999998e-06  -2.1789480000000001e-05   1.9631049999999998e-06   7.0873570000000000e-06  -1.4416079999999999e-06   6.4474880000000004e-07   2.0062649999999998e-06   5.0686199999999998e-07   5.5372689999999997e-06   5.8550720000000003e-08  -5.5854970000000001e-07  -1.2617050000000001e-07  -2.6110939999999998e-07   3.5400929999999998e-07  -2.2046970000000001e-07  -4.8153340000000000e-07  -2.4292999999999999e-09   2.2785630000000001e-06   3.2572513201353868e-04   4.0206790000000004e-06   7.2546460000000000e-07   1.8662730000000000e-07
 -4.5792574861696885e-04   7.8963351922355855e-04   1.0166385879427124e-03   6.9437630383041250e-03   1.7433579836477617e-02   2.6395046584814764e-02   7.2710573005418877e-01  -2.5685752335806524e-02  -1.4345603767129672e-02   2.2480610000000001e-06  -4.3256999999999999e-06  -4.1720479999999997e-06  -9.7076280000000004e-07  -1.3019190000000001e-06   3.2489100000000002e-06   5.0419519999999997e-08  -3.6742080000000001e-06   3.8150200000000002e-07   3.4756370000000002e-06  -7.5672360000000000e-08  -1.5174610000000001e-06  -4.1880319999999998e-08   1.1394690000000001e-06   8.4828670000000005e-08  -7.6328130000000002e-08  -5.7559400000000001e-08   2.4696739999999999e-07  -5.6487730000000001e-07   4.0206790000000004e-06   3.4173569201353867e-04   1.0492719999999999e-07   4.7752610000000000e-07
 -7.9916717826279034e-05  -1.7286215762161972e-04   8.9430288507118055e-04   2.4116391690369391e-03   7.7888002010438910e-03   6.1967131521216698e-03  -2.5685752335806781e-02   7.8417955878930101e-01   2.7932360671034800e-03  -6.6526160000000001e-06  -5.8654830000000002e-05  -1.0851010000000000e-06   2.5208580000000000e-05  -5.0015600000000005e-07  -1.7760339999999999e-05   3.4855700000000001e-10  -7.4600940000000002e-06   7.1812219999999999e-08   1.3338830000000000e-06   1.5032140000000000e-08  -2.3341510000000002e-06  -2.8827810000000001e-08   4.0574399999999998e-07   5.6831060000000000e-08   2.9467819999999998e-08  -1.7618120000000001e-08   1.0304819999999999e-07  -2.2433560000000001e-07   7.2546460000000000e-07   1.0492719999999999e-07   3.8374705201353870e-04   5.9004450000000001e-06
 -2.1162635164286979e-04   2.8174550375078498e-05  -3.6970614688446959e-03   1.1911694795551181e-04   7.9063979539290387e-04   1.6051896358130934e-02  -1.4345603767129683e-02   2.7932360671034497e-03   5.3285674836194419e-01  -1.4200970000000000e-05   2.7149438589773593e-03  -1.4699139999999999e-07  -3.6034017521245104e-02   3.4968350000000000e-06   8.9486262595351550e-03  -7.2885249999999998e-07  -2.0993472699870749e-03   4.2017059999999999e-07   5.3981673179180015e-04   5.0633690000000002e-08   4.2096426110444690e-05  -2.7700769999999999e-09  -1.0320188957552176e-04   1.3860540000000001e-07  -2.5280450000000001e-07  -5.3521989999999995e-07   6.6022909999999999e-08   1.4495610000000001e-07   1.8662730000000000e-07   4.7752610000000000e-07   5.9004450000000001e-06   4.7378658201353868e-04
  1.2737837489773488e-03  -1.6705169999999998e-02  -9.5550699999999997e-04   5.0236020000000005e-04  -6.4341709999999995e-05  -7.8079449999999996e-07   2.2480610000000001e-06  -6.6526160000000001e-06  -1.4200970000000000e-05   4.8446179668143202e-01  -2.2128511642870238e-05   1.4845499969695641e-01   1.4243500000000000e-05  -3.1044351650972690e-02  -8.2769390000000003e-06   1.8530666720513575e-04   4.4393129999999998e-07   9.1423054358943240e-04  -1.7635089999999999e-10  -1.4025070506224261e-05   3.5892069999999997e-08   5.5061168213162671e-05   2.3019579999999999e-08  -2.7899791880670803e-05  -5.0446019999999999e-05  -2.0147550000000000e-05   1.3598790000000000e-05   7.7650310000000002e-07  -2.7963309999999999e-07   7.4996989999999997e-08  -3.0031550000000003e-08  -7.1646699999999998e-10
 -1.4200970000000000e-05   2.0608930000000001e-05  -1.9639289999999999e-05   5.3684400000000001e-08  -2.2131760000000000e-07  -3.6338139999999998e-06  -4.3256999999999999e-06  -5.8654830000000002e-05   2.7149438589773485e-03  -2.2128511642869791e-05   7.7948445838631097e-01   1.4243500000000000e-05   1.4955349169695642e-01  -8.2769390000000003e-06  -2.8807149950972694e-02   4.4393129999999998e-07   3.6749901720513573e-04  -1.7635089999999999e-10   9.6833265358943249e-04   3.5892069999999997e-08  -1.9947450506224259e-05   2.3019579999999999e-08   2.3330580821316269e-04  -7.1646699999999998e-10   1.9389039999999999e-06   5.0819070000000000e-07   2.2821270000000000e-07  -4.5535670000000002e-07   1.6027390000000000e-07  -3.1118179999999998e-07   1.3616889999999999e-05  -3.3384403188067082e-04
 -3.0979225521245074e-02   7.2647840000000005e-04  -1.0032570000000000e-03   1.2434119999999999e-04   2.3407320000000000e-05  -2.1789480000000001e-05  -4.1720479999999997e-06  -1.0851010000000000e-06  -1.4699139999999999e-07   1.4845499969695641e-01   1.4243500000000000e-05   6.0250316573812257e-01   2.1186274835712979e-04   1.4827356404210962e-01   9.5733610000000005e-06   6.9855006666888018e-03  -1.6350610000000000e-06  -1.5776527229624891e-03   4.1840549999999998e-07  -5.5691905034560899e-04   2.8576580000000001e-07  -1.3600205328146171e-03   3.6549729999999998e-07   4.0324352523981545e-03   3.9870689999999997e-06  -1.2985800000000000e-04   2.1693020000000002e-06   1.0329699999999999e-06  -1.8679710000000000e-06  -2.8656920000000001e-07  -1.4305370000000000e-07  -1.7492330000000000e-06
 -1.4699139999999999e-07   1.0649720000000000e-05   6.6963420000000005e-05   1.5568300000000001e-05  -2.5379100000000002e-06   1.9631049999999998e-06  -9.7076280000000004e-07   2.5208580000000000e-05  -3.6034017521245076e-02   1.4243500000000000e-05   1.4955349169695642e-01   2.1186274835713022e-04   7.1142117744300148e-01   9.5733610000000005e-06   1.4678756504210960e-01  -1.6350610000000000e-06   6.8612714866888016e-03   4.1840549999999998e-07  -1.5603757429624890e-03   2.8576580000000001e-07  -3.7475812034560901e-04   3.6549729999999998e-07  -1.5145218628146171e-03  -1.7492330000000000e-06  -1.4835600000000000e-06   3.9805689999999998e-06  -8.5516510000000001e-07   1.2530849999999999e-06   1.0944990000000000e-06   1.1059150000000001e-05   7.8896209999999999e-05   3.1442790523981542e-03
  6.9335839595351580e-03  -4.2598119999999999e-04   2.5639380000000000e-04  -5.8865000000000000e-05   9.1477909999999994e-06   7.0873570000000000e-06  -1.3019190000000001e-06  -5.0015600000000005e-07   3.4968350000000000e-06  -3.1044351650972718e-02  -8.2769390000000003e-06   1.4827356404210965e-01   9.5733610000000005e-06   6.7945111095920963e-01   7.2748348357129752e-05   1.3975555650572985e-01  -6.5590370000000002e-07  -1.3643239874690561e-03  -1.4288649999999999e-07   1.5650958731660005e-03  -8.9451009999999995e-08   1.2287786914774452e-03  -3.6760920000000000e-07  -2.1552983820236559e-04  -5.6601000000000002e-06  -4.1442790000000002e-05  -3.2297949999999998e-05   3.4301450000000002e-07   4.2474970000000001e-07   1.2746339999999999e-06   5.1656590000000003e-07   4.2949400000000002e-07
  3.4968350000000000e-06  -3.9338969999999999e-06  -1.4358530000000000e-05  -2.0228749999999998e-05   1.0068000000000001e-05  -1.4416079999999999e-06   3.2489100000000002e-06  -1.7760339999999999e-05   8.9486262595351567e-03  -8.2769390000000003e-06  -2.8807149950972714e-02   9.5733610000000005e-06   1.4678756504210963e-01   7.2748348357130199e-05   6.8628872266408836e-01  -6.5590370000000002e-07   1.3871471450572986e-01  -1.4288649999999999e-07  -1.2730310074690562e-03  -8.9451009999999995e-08   1.2406583678660004e-03  -3.6760920000000000e-07   1.2222887214774453e-03   4.2949400000000002e-07   9.7268269999999995e-08   2.9915789999999999e-06   1.7566559999999999e-05  -3.3752310000000001e-06   1.1807129999999999e-06  -1.1312249999999999e-06   1.8465140000000000e-05   8.3509876179763446e-04
 -2.2199305299870891e-03  -4.4624340000000002e-05  -2.3140950000000001e-05   1.7601559999999999e-06  -1.0956060000000001e-05   6.4474880000000004e-07   5.0419519999999997e-08   3.4855700000000001e-10  -7.2885249999999998e-07   1.8530666720514166e-04   4.4393129999999998e-07   6.9855006666887584e-03  -1.6350610000000000e-06   1.3975555650572979e-01  -6.5590370000000002e-07   7.1354205152409977e-01  -1.7479016428702379e-06   1.3830403453166323e-01  -1.1719880000000001e-07   7.5698220787126756e-03  -6.0942499999999999e-07   1.2651313788284563e-03   7.9807759999999999e-08   8.9950472923057653e-05  -2.0125649999999999e-08  -6.3980179999999996e-07   1.2555870000000001e-05  -3.7141799999999998e-06   1.8708540000000000e-06   4.2979180000000000e-07   2.5909030000000000e-07   3.4121150000000000e-08
 -7.2885249999999998e-07   3.7213770000000002e-07   7.9171120000000005e-07   8.1136180000000000e-07   5.1013480000000002e-07   2.0062649999999998e-06  -3.6742080000000001e-06  -7.4600940000000002e-06  -2.0993472699870892e-03   4.4393129999999998e-07   3.6749901720514163e-04  -1.6350610000000000e-06   6.8612714866887583e-03  -6.5590370000000002e-07   1.3871471450572981e-01  -1.7479016428697907e-06   6.8531556322897869e-01  -1.1719880000000001e-07   1.3366711759166322e-01  -6.0942499999999999e-07   7.9045670787126765e-03   7.9807759999999999e-08   1.0418296088284564e-03   3.4121150000000000e-08   7.0775990000000004e-07  -4.7629389999999998e-06   1.7250790000000001e-06   1.2099140000000000e-06   5.1210879999999996e-06  -9.2021999999999997e-06  -4.9896520000000000e-05   5.9934887292305771e-04
  6.1876181179178994e-04   1.9563869999999999e-05   1.5611619999999999e-05  -5.4106600000000003e-06   1.7834950000000000e-06   5.0686199999999998e-07   3.8150200000000002e-07   7.1812219999999999e-08   4.2017059999999999e-07   9.1423054358943782e-04  -1.7635089999999999e-10  -1.5776527229625123e-03   4.1840549999999998e-07  -1.3643239874690000e-03  -1.4288649999999999e-07   1.3830403453166340e-01  -1.1719880000000001e-07   7.3569418217830607e-01  -5.4153651642870233e-05   1.3732297098629753e-01   1.3529920000000000e-06  -1.6315232690840339e-03   4.8358490000000001e-10  -2.1355747577113363e-03  -1.5614990000000000e-06   4.2848019999999997e-06   4.8497330000000004e-07   2.9909430000000002e-06  -4.8368030000000003e-07   1.0467900000000000e-06  -1.9576519999999999e-07   7.7731439999999999e-07
  4.2017059999999999e-07  -1.0751740000000000e-07  -3.5486160000000002e-07  -1.4166399999999999e-07  -6.0500470000000003e-07   5.5372689999999997e-06   3.4756370000000002e-06   1.3338830000000000e-06   5.3981673179178996e-04  -1.7635089999999999e-10   9.6833265358943791e-04   4.1840549999999998e-07  -1.5603757429625122e-03  -1.4288649999999999e-07  -1.2730310074690000e-03  -1.1719880000000001e-07   1.3366711759166339e-01  -5.4153651642869786e-05   6.7075607388318481e-01   1.3529920000000000e-06   1.3743973698629752e-01   4.8358490000000001e-10  -1.7089936400840338e-03   7.7731439999999999e-07  -1.8043010000000001e-06   2.7964689999999999e-05  -4.2069640000000004e-06  -2.3882389999999999e-06   1.4240830000000000e-05   2.2157750000000000e-05  -1.4143780000000001e-04  -2.5290053277113363e-03
  7.5656446110444764e-05   7.4437179999999996e-06   1.2948779999999999e-06   3.2250420000000002e-07   4.7997990000000000e-07   5.8550720000000003e-08  -7.5672360000000000e-08   1.5032140000000000e-08   5.0633690000000002e-08  -1.4025070506224017e-05   3.5892069999999997e-08  -5.5691905034560042e-04   2.8576580000000001e-07   1.5650958731659955e-03  -8.9451009999999995e-08   7.5698220787126114e-03  -6.0942499999999999e-07   1.3732297098629756e-01   1.3529920000000000e-06   7.4835562211307693e-01  -4.8627531642870238e-05   1.3849718453921506e-01  -1.8261620000000000e-06  -8.0912461074257504e-03  -1.5309790000000001e-06   4.8460839999999996e-06   2.4446869999999999e-06   3.0439660000000000e-07  -2.9759010000000000e-06   6.8946889999999997e-07   6.0395550000000000e-07  -1.0178739999999999e-06
  5.0633690000000002e-08   1.4336640000000001e-08  -2.3206839999999999e-08   1.5450029999999999e-08   1.6804630000000000e-07  -5.5854970000000001e-07  -1.5174610000000001e-06  -2.3341510000000002e-06   4.2096426110444765e-05   3.5892069999999997e-08  -1.9947450506224015e-05   2.8576580000000001e-07  -3.7475812034560045e-04  -8.9451009999999995e-08   1.2406583678659954e-03  -6.0942499999999999e-07   7.9045670787126123e-03   1.3529920000000000e-06   1.3743973698629755e-01  -4.8627531642869790e-05   6.1431571381795558e-01  -1.8261620000000000e-06   1.3599683923921504e-01  -1.0178739999999999e-06   4.4018960000000000e-06  -5.2814320000000002e-05   5.9624470000000001e-06   2.3251040000000001e-06  -3.2128139999999998e-05  -4.3157120000000002e-05   8.3490210000000003e-04  -6.7374452074257501e-03
 -3.0953692575519253e-05  -3.8709109999999997e-06  -1.9756319999999998e-06   1.0574050000000000e-06  -2.2053889999999999e-07  -1.2617050000000001e-07  -4.1880319999999998e-08  -2.8827810000000001e-08  -2.7700769999999999e-09   5.5061168213161506e-05   2.3019579999999999e-08  -1.3600205328146112e-03   3.6549729999999998e-07   1.2287786914774255e-03  -3.6760920000000000e-07   1.2651313788284680e-03   7.9807759999999999e-08  -1.6315232690840217e-03   4.8358490000000001e-10   1.3849718453921486e-01  -1.8261620000000000e-06   7.8769836155145723e-01   1.2428683571297585e-06   1.6751444925704524e-02  -4.0472210000000003e-05   5.6217079999999999e-05   2.4587450000000001e-05  -1.2666450000000000e-05  -1.9849560000000001e-06  -3.0597320000000002e-06   9.3100569999999999e-06  -5.8821930000000002e-06
 -2.7700769999999999e-09  -3.9551060000000000e-10   1.5775110000000000e-06  -2.7517470000000000e-07  -2.7075900000000000e-07  -2.6110939999999998e-07   1.1394690000000001e-06   4.0574399999999998e-07  -1.0320188957551925e-04   2.3019579999999999e-08   2.3330580821316149e-04   3.6549729999999998e-07  -1.5145218628146112e-03  -3.6760920000000000e-07   1.2222887214774255e-03   7.9807759999999999e-08   1.0418296088284681e-03   4.8358490000000001e-10  -1.7089936400840216e-03  -1.8261620000000000e-06   1.3599683923921485e-01   1.2428683571302058e-06   4.9053107325633633e-01  -5.8821930000000002e-06  -9.8112379999999995e-07   7.6535470000000004e-05   3.2999780000000001e-05   1.1488149999999999e-04   7.9840219999999996e-05  -8.6800840000000000e-04  -1.6704580000000000e-02   1.2547775925704524e-02
  4.9113753201354129e-04   2.5059660000000001e-05   5.0741899999999998e-06  -4.7294120000000003e-06   9.4111230000000002e-07   3.5400929999999998e-07   8.4828670000000005e-08   5.6831060000000000e-08   1.3860540000000001e-07  -2.7899791880678013e-05  -7.1646699999999998e-10   4.0324352523982013e-03  -1.7492330000000000e-06  -2.1552983820239546e-04   4.2949400000000002e-07   8.9950472923086398e-05   3.4121150000000000e-08  -2.1355747577113332e-03   7.7731439999999999e-07  -8.0912461074257574e-03  -1.0178739999999999e-06   1.6751444925704483e-02  -5.8821930000000002e-06   5.3633405942759182e-01   5.1218603208251041e-03  -5.2229614883612503e-02   2.8221507210651232e-02   2.0088220227628900e-05  -1.6537823029309335e-03  -4.6575820961697003e-04  -1.1118078782627926e-04  -5.5712591642870232e-05
  2.5059660000000001e-05   2.5880502201354124e-04  -4.7278610000000001e-06  -2.3750600000000001e-06   9.1185989999999997e-08  -2.2046970000000001e-07  -7.6328130000000002e-08   2.9467819999999998e-08  -2.5280450000000001e-07  -5.0446019999999999e-05   1.9389039999999999e-06   3.9870689999999997e-06  -1.4835600000000000e-06  -5.6601000000000002e-06   9.7268269999999995e-08  -2.0125649999999999e-08   7.0775990000000004e-07  -1.5614990000000000e-06  -1.8043010000000001e-06  -1.5309790000000001e-06   4.4018960000000000e-06  -4.0472210000000003e-05  -9.8112379999999995e-07   5.1218603208250356e-03   7.9104055011242380e-01   3.6886328616467946e-03   3.0719997036380800e-02  -4.1548072610078264e-03   4.9132748059736468e-03   8.3275530922356203e-04  -1.6488396762161901e-04   3.1599795037507838e-04
  5.0741899999999998e-06  -4.7278610000000001e-06   2.3802342201354124e-04  -1.0279169999999999e-05   1.7973030000000000e-06  -4.8153340000000000e-07  -5.7559400000000001e-08  -1.7618120000000001e-08  -5.3521989999999995e-07  -2.0147550000000000e-05   5.0819070000000000e-07  -1.2985800000000000e-04   3.9805689999999998e-06  -4.1442790000000002e-05   2.9915789999999999e-06  -6.3980179999999996e-07  -4.7629389999999998e-06   4.2848019999999997e-06   2.7964689999999999e-05   4.8460839999999996e-06  -5.2814320000000002e-05   5.6217079999999999e-05   7.6535470000000004e-05  -5.2229614883612503e-02   3.6886328616470990e-03   6.9612522925344900e-01   1.1277646772087212e-03  -1.4668860559624080e-02  -1.3282008063681268e-02   1.1266422579426988e-03   6.6574648507118552e-04  -2.4884491688446963e-03
 -4.7294120000000003e-06  -2.3750600000000001e-06  -1.0279169999999999e-05   3.1368488201354125e-04  -4.1689600000000000e-06  -2.4292999999999999e-09   2.4696739999999999e-07   1.0304819999999999e-07   6.6022909999999999e-08   1.3598790000000000e-05   2.2821270000000000e-07   2.1693020000000002e-06  -8.5516510000000001e-07  -3.2297949999999998e-05   1.7566559999999999e-05   1.2555870000000001e-05   1.7250790000000001e-06   4.8497330000000004e-07  -4.2069640000000004e-06   2.4446869999999999e-06   5.9624470000000001e-06   2.4587450000000001e-05   3.2999780000000001e-05   2.8221507210651264e-02   3.0719997036380731e-02   1.1277646772088687e-03   6.8720483217757478e-01  -2.4387720886972941e-02   6.5801429555622827e-03   6.8421161183041326e-03   2.4490098890369489e-03  -4.4438122044484487e-05
  9.4111230000000002e-07   9.1185989999999997e-08   1.7973030000000000e-06  -4.1689600000000000e-06   3.1656890201354126e-04   2.2785630000000001e-06  -5.6487730000000001e-07  -2.2433560000000001e-07   1.4495610000000001e-07   7.7650310000000002e-07  -4.5535670000000002e-07   1.0329699999999999e-06   1.2530849999999999e-06   3.4301450000000002e-07  -3.3752310000000001e-06  -3.7141799999999998e-06   1.2099140000000000e-06   2.9909430000000002e-06  -2.3882389999999999e-06   3.0439660000000000e-07   2.3251040000000001e-06  -1.2666450000000000e-05   1.1488149999999999e-04   2.0088220227641395e-05  -4.1548072610078802e-03  -1.4668860559624096e-02  -2.4387720886973115e-02   6.7939836974977008e-01   2.9855697254805701e-02   1.7097994936477616e-02   8.3701226210439010e-03   7.3453769539290402e-04
  3.5400929999999998e-07  -2.2046970000000001e-07  -4.8153340000000000e-07  -2.4292999999999999e-09   2.2785630000000001e-06   3.2572513201354123e-04   4.0206790000000004e-06   7.2546460000000000e-07   1.8662730000000000e-07  -2.7963309999999999e-07   1.6027390000000000e-07  -1.8679710000000000e-06   1.0944990000000000e-06   4.2474970000000001e-07   1.1807129999999999e-06   1.8708540000000000e-06   5.1210879999999996e-06  -4.8368030000000003e-07   1.4240830000000000e-05  -2.9759010000000000e-06  -3.2128139999999998e-05  -1.9849560000000001e-06   7.9840219999999996e-05  -1.6537823029309361e-03   4.9132748059736555e-03  -1.3282008063681268e-02   6.5801429555623001e-03   2.9855697254805660e-02   6.6308108165257429e-01   2.6707861584814765e-02   6.6545179521216346e-03   1.6110397158130930e-02
  8.4828670000000005e-08  -7.6328130000000002e-08  -5.7559400000000001e-08   2.4696739999999999e-07  -5.6487730000000001e-07   4.0206790000000004e-06   3.4173569201354122e-04   1.0492719999999999e-07   4.7752610000000000e-07   7.4996989999999997e-08  -3.1118179999999998e-07  -2.8656920000000001e-07   1.1059150000000001e-05   1.2746339999999999e-06  -1.1312249999999999e-06   4.2979180000000000e-07  -9.2021999999999997e-06   1.0467900000000000e-06   2.2157750000000000e-05   6.8946889999999997e-07  -4.3157120000000002e-05  -3.0597320000000002e-06  -8.6800840000000000e-04  -4.6575820961696884e-04   8.3275530922355856e-04   1.1266422579427125e-03   6.8421161183041248e-03   1.7097994936477616e-02   2.6707861584814765e-02   6.0581895282471554e-01  -3.3203877935806522e-02  -1.3047601567129672e-02
  5.6831060000000000e-08   2.9467819999999998e-08  -1.7618120000000001e-08   1.0304819999999999e-07  -2.2433560000000001e-07   7.2546460000000000e-07   1.0492719999999999e-07   3.8374705201354124e-04   5.9004450000000001e-06  -3.0031550000000003e-08   1.3616889999999999e-05  -1.4305370000000000e-07   7.8896209999999999e-05   5.1656590000000003e-07   1.8465140000000000e-05   2.5909030000000000e-07  -4.9896520000000000e-05  -1.9576519999999999e-07  -1.4143780000000001e-04   6.0395550000000000e-07   8.3490210000000003e-04   9.3100569999999999e-06  -1.6704580000000000e-02  -1.1118078782627904e-04  -1.6488396762161971e-04   6.6574648507118053e-04   2.4490098890369389e-03   8.3701226210438906e-03   6.6545179521216693e-03  -3.3203877935806779e-02   5.1796739155982752e-01  -1.5798729328965198e-03
  1.3860540000000001e-07  -2.5280450000000001e-07  -5.3521989999999995e-07   6.6022909999999999e-08   1.4495610000000001e-07   1.8662730000000000e-07   4.7752610000000000e-07   5.9004450000000001e-06   4.7378658201354122e-04  -7.1646699999999998e-10  -3.3384403188067803e-04  -1.7492330000000000e-06   3.1442790523982011e-03   4.2949400000000002e-07   8.3509876179760454e-04   3.4121150000000000e-08   5.9934887292308644e-04   7.7731439999999999e-07  -2.5290053277113329e-03  -1.0178739999999999e-06  -6.7374452074257570e-03  -5.8821930000000002e-06   1.2547775925704482e-02  -5.5712591642869785e-05   3.1599795037507848e-04  -2.4884491688446958e-03  -4.4438122044488187e-05   7.3453769539290391e-04   1.6110397158130934e-02  -1.3047601567129682e-02  -1.5798729328965506e-03   1.6544554126006170e-01
